0   inf
0.1   inf
0.2   inf
0.3   inf
0.4   inf
0.5   inf
0.6   inf
0.7   inf
0.8   inf
0.9   inf
1   inf
1.1   574.64
1.2   494.577
1.3   424.675
1.4   363.425
1.5   309.634
1.6   262.337
1.7   220.746
1.8   184.209
1.9   152.179
2   124.193
2.1   99.8574
2.2   78.8313
2.3   60.8206
2.4   45.5687
2.5   32.8503
2.6   22.4665
2.7   14.2411
2.8   8.01703
2.9   3.65388
3   1.02541
3.1   0.0178384
3.2   0.528223
3.3   2.46313
3.4   5.73749
3.5   10.2736
3.6   16.0005
3.7   22.8528
3.8   30.7704
3.9   39.6982
4   49.5848
4.1   60.3829
4.2   72.0487
4.3   84.5412
4.4   97.8224
4.5   111.857
4.6   126.612
4.7   142.056
4.8   158.16
4.9   174.897
5   192.241
5.1   210.169
5.2   228.657
5.3   247.685
5.4   267.232
5.5   287.279
5.6   307.808
5.7   328.802
5.8   350.245
5.9   372.121
6   394.416
