0   0
0.1   0
0.2   0
0.3   0
0.4   0
0.5   0
0.6   0
0.7   0
0.8   0
0.9   0
1   0
1.1   1.28497e-319
1.2   3.1208e-302
1.3   4.71358e-287
1.4   9.40792e-274
1.5   4.51016e-262
1.6   8.40698e-252
1.7   9.03534e-243
1.8   7.7597e-235
1.9   6.99957e-228
2   8.35726e-222
2.1   1.60904e-216
2.2   5.92023e-212
2.3   4.82283e-208
2.4   9.89034e-205
2.5   5.71465e-202
2.6   1.02755e-199
2.7   6.2795e-198
2.8   1.41077e-196
2.9   1.24998e-195
3   4.65229e-195
3.1   7.69943e-195
3.2   5.96527e-195
3.3   2.2671e-195
3.4   4.41013e-196
3.5   4.56497e-197
3.6   2.60538e-198
3.7   8.47067e-200
3.8   1.61665e-201
3.9   1.86203e-203
4   1.32781e-205
4.1   6.00267e-208
4.2   1.75857e-210
4.3   3.40758e-213
4.4   4.451e-216
4.5   3.98928e-219
4.6   2.49428e-222
4.7   1.10494e-225
4.8   3.51868e-229
4.9   8.16536e-233
5   1.39856e-236
5.1   1.78946e-240
5.2   1.72989e-244
5.3   1.27704e-248
5.4   7.27217e-253
5.5   3.225e-257
5.6   1.12387e-261
5.7   3.10407e-266
5.8   6.84992e-271
5.9   1.21706e-275
6   1.75377e-280
